$ANSIBLE_VAULT;1.1;AES256
62666164623535313962376634323434326461383430353236636662626337383464626434616630
6231306332616663373439363434633931333062386139320a343632616663313635353561626663
37636530306537646264323231613438303531393838336534633930303636393865363365306364
3531623664633338610a653336303738343464316336646634376636366563323132303038316237
61316130633032653364663731633735396162633364313835643430306132356538386262623066
32613631623930353136313033316632626630623963363739323966326463393865376562353337
63343264396466363535343062663866663433666166346132616535623238613932633234646230
39343363393637316536383761363062623332326666643565303737366537353036613333613763
30306633633634336461303832373133363166616562616365333461363636626564363636373939
63383335623534666533353237366662316237333034376637373437303831343134356232383764
66653366653462386663373061373563613761663265366332346334336563386335646336353332
32353336343938376430313764386133386536393261653832643064643664363438383734663762
65373538323936386130376136663135616138376363323636383837336432653933646532336136
33633833646665346539353931373763373333336666636537323933313664666130363339633630
343965393638353430623531373266346136
